0 6.07804e-28 5.52536e-28 7.54829e-07 5.06446e-11 7.54829e-07 0.999998
0.06 6.17768e-28 5.52537e-28 7.86736e-07 5.23809e-11 7.86736e-07 0.999998
0.12 6.48429e-28 5.52538e-28 8.84946e-07 5.77543e-11 8.84946e-07 0.999998
0.18 7.02146e-28 5.52542e-28 1.0571e-06 6.72737e-11 1.0571e-06 0.999998
0.24 7.83026e-28 5.52547e-28 1.31652e-06 8.18413e-11 1.31652e-06 0.999997
0.3 8.9721e-28 5.52554e-28 1.68312e-06 1.02839e-10 1.68312e-06 0.999997
0.36 1.05328e-27 5.52564e-28 2.18476e-06 1.32258e-10 2.18476e-06 0.999996
0.42 1.26282e-27 5.52577e-28 2.85907e-06 1.72893e-10 2.85907e-06 0.999994
0.48 1.54119e-27 5.52595e-28 3.75599e-06 2.28607e-10 3.75599e-06 0.999992
0.54 1.9085e-27 5.52619e-28 4.94092e-06 3.047e-10 4.94092e-06 0.99999
0.6 2.39084e-27 5.52651e-28 6.4989e-06 4.08421e-10 6.4989e-06 0.999987
0.66 3.02194e-27 5.52694e-28 8.53984e-06 5.49657e-10 8.53984e-06 0.999983
0.72 3.84513e-27 5.5275e-28 1.12051e-05 7.41886e-10 1.12051e-05 0.999978
0.78 4.91589e-27 5.52825e-28 1.4676e-05 1.00347e-09 1.4676e-05 0.999971
0.84 6.30503e-27 5.52923e-28 1.91838e-05 1.35943e-09 1.91838e-05 0.999962
0.9 8.10256e-27 5.53054e-28 2.50229e-05 1.84383e-09 2.50229e-05 0.99995
0.96 1.04226e-26 5.53227e-28 3.2567e-05 2.50309e-09 3.2567e-05 0.999935
1.02 1.34091e-26 5.53457e-28 4.22879e-05 3.40043e-09 4.22879e-05 0.999915
1.08 1.72437e-26 5.53761e-28 5.47806e-05 4.622e-09 5.47806e-05 0.99989
1.14 2.21538e-26 5.54165e-28 7.07915e-05 6.2852e-09 7.07915e-05 0.999858
1.2 2.8424e-26 5.54702e-28 9.12551e-05 8.55003e-09 9.12551e-05 0.999817
1.26 3.64089e-26 5.55417e-28 0.000117336 1.16346e-08 0.000117336 0.999765
1.32 4.65488e-26 5.56371e-28 0.000150482 1.58361e-08 0.000150482 0.999699
1.38 5.93881e-26 5.57645e-28 0.000192483 2.156e-08 0.000192483 0.999615
1.44 7.55982e-26 5.59349e-28 0.000245549 2.93592e-08 0.000245549 0.999509
1.5 9.60031e-26 5.6163e-28 0.000312394 3.99873e-08 0.000312394 0.999375
1.56 1.21611e-25 5.64689e-28 0.000396341 5.44729e-08 0.000396341 0.999207
1.62 1.53651e-25 5.68796e-28 0.000501438 7.42186e-08 0.000501438 0.998997
1.68 1.93614e-25 5.74317e-28 0.000632605 1.01138e-07 0.000632605 0.998735
1.74 2.43303e-25 5.81745e-28 0.000795791 1.37843e-07 0.000795791 0.998408
1.8 3.04888e-25 5.91749e-28 0.000998163 1.87895e-07 0.000998163 0.998003
1.86 3.80973e-25 6.05235e-28 0.00124832 2.56155e-07 0.00124832 0.997503
1.92 4.74665e-25 6.23429e-28 0.00155652 3.49254e-07 0.00155652 0.996887
1.98 5.89661e-25 6.47993e-28 0.001935 4.7624e-07 0.001935 0.99613
2.04 7.30335e-25 6.81175e-28 0.00239822 6.49452e-07 0.00239822 0.995203
2.1 9.01845e-25 7.26022e-28 0.00296324 8.8572e-07 0.00296324 0.994073
2.16 1.11024e-24 7.86663e-28 0.0036501 1.20799e-06 0.0036501 0.992699
2.22 1.36259e-24 8.68687e-28 0.00448218 1.64752e-06 0.00448218 0.991034
2.28 1.6671e-24 9.79659e-28 0.0054867 2.24691e-06 0.0054867 0.989024
2.34 2.03328e-24 1.12982e-27 0.00669514 3.06414e-06 0.00669514 0.986607
2.4 2.47206e-24 1.33302e-27 0.00814372 4.17806e-06 0.00814372 0.983708
2.46 2.99592e-24 1.60797e-27 0.0098739 5.69586e-06 0.0098739 0.980247
2.52 3.6191e-24 1.97994e-27 0.0119329 7.76305e-06 0.0119329 0.976127
2.58 4.35766e-24 2.48301e-27 0.0143739 1.05769e-05 0.0143739 0.971242
2.64 5.22961e-24 3.16309e-27 0.0172568 1.44044e-05 0.0172568 0.965472
2.7 6.25498e-24 4.08191e-27 0.0206483 1.96066e-05 0.0206483 0.958684
2.76 7.45587e-24 5.32235e-27 0.0246215 2.667e-05 0.0246215 0.95073
2.82 8.85632e-24 6.9954e-27 0.0292566 3.62497e-05 0.0292566 0.941451
2.88 1.04822e-23 9.24938e-27 0.0346395 4.92243e-05 0.0346395 0.930672
2.94 1.23608e-23 1.22819e-26 0.0408611 6.67697e-05 0.0408611 0.918211
3 1.45203e-23 1.63556e-26 0.0480156 9.04536e-05 0.0480156 0.903878
3.06 1.69893e-23 2.18179e-26 0.056198 0.000122359 0.056198 0.887482
3.12 1.97954e-23 2.91269e-26 0.0655003 0.00016524 0.0655003 0.868834
3.18 2.29639e-23 3.88842e-26 0.0760077 0.000222726 0.0760077 0.847762
3.24 2.65164e-23 5.18761e-26 0.0877924 0.000299573 0.0877924 0.824116
3.3 3.04686e-23 6.91254e-26 0.100907 0.000401981 0.100907 0.797783
3.36 3.4828e-23 9.19563e-26 0.115379 0.000537997 0.115379 0.768704
3.42 3.95919e-23 1.22075e-25 0.131199 0.000718002 0.131199 0.736883
3.48 4.47447e-23 1.6167e-25 0.148318 0.000955327 0.148318 0.702409
3.54 5.02566e-23 2.13539e-25 0.166637 0.00126702 0.166637 0.665459
3.6 5.60818e-23 2.81245e-25 0.186006 0.00167478 0.186006 0.626314
3.66 6.21583e-23 3.69323e-25 0.20622 0.00220622 0.20622 0.585353
3.72 6.84092e-23 4.83549e-25 0.227025 0.00289642 0.227025 0.543053
3.78 7.47438e-23 6.313e-25 0.248122 0.00379005 0.248122 0.499966
3.84 8.1062e-23 8.22062e-25 0.269177 0.00494434 0.269177 0.456702
3.9 8.72572e-23 1.06816e-24 0.289838 0.00643324 0.289838 0.41389
3.96 9.32215e-23 1.38583e-24 0.309747 0.00835368 0.309747 0.372153
4.02 9.88493e-23 1.79689e-24 0.328552 0.010835 0.328552 0.332062
4.08 1.0404e-22 2.33133e-24 0.345918 0.0140537 0.345918 0.294111
4.14 1.08698e-22 3.03141e-24 0.361527 0.0182572 0.361527 0.258689
4.2 1.1273e-22 3.95834e-24 0.37507 0.0238014 0.37507 0.226059
4.26 1.16038e-22 5.20296e-24 0.386216 0.0312122 0.386216 0.196356
4.32 1.18503e-22 6.90262e-24 0.394569 0.0412824 0.394569 0.16958
4.38 1.19964e-22 9.26697e-24 0.399588 0.0552195 0.399588 0.145604
4.44 1.20181e-22 1.26137e-23 0.40048 0.074852 0.40048 0.124188
4.5 1.18805e-22 1.74095e-23 0.39607 0.102867 0.39607 0.104992
4.56 1.15345e-22 2.42922e-23 0.384719 0.142943 0.384719 0.0876186
4.62 1.09209e-22 3.40145e-23 0.364444 0.199435 0.364444 0.0716775
4.68 9.9887e-23 4.72056e-23 0.333532 0.276024 0.333532 0.0569116
4.74 8.73387e-23 6.38939e-23 0.291831 0.372992 0.291831 0.0433468
4.8 7.24157e-23 8.3e-23 0.242162 0.484324 0.242162 0.031351
4.86 5.68583e-23 1.02372e-22 0.190323 0.597904 0.190323 0.0214495
4.92 4.25976e-23 1.19666e-22 0.142759 0.700527 0.142759 0.0139549
4.98 3.08889e-23 1.33398e-22 0.103671 0.783913 0.103671 0.00874465
5.04 2.20274e-23 1.43271e-22 0.0740607 0.846516 0.0740607 0.00536283
5.1 1.56549e-23 1.49775e-22 0.0527438 0.891245 0.0527438 0.00326755
5.16 1.11868e-23 1.53663e-22 0.0377783 0.922442 0.0377783 0.00200183
5.22 8.07456e-24 1.5564e-22 0.0273371 0.944083 0.0273371 0.00124334
5.28 5.8949e-24 1.56251e-22 0.0200106 0.959192 0.0200106 0.000786638
5.34 4.3504e-24 1.55893e-22 0.0148075 0.969877 0.0148075 0.000507884
5.4 3.24054e-24 1.54845e-22 0.0110594 0.977547 0.0110594 0.000334504
5.46 2.43203e-24 1.53306e-22 0.00832175 0.983132 0.00832175 0.000224348
5.52 1.83592e-24 1.51424e-22 0.00629767 0.987252 0.00629767 0.00015285
5.58 1.39206e-24 1.49309e-22 0.00478637 0.990322 0.00478637 0.000105512
5.64 1.05906e-24 1.47051e-22 0.00364942 0.992628 0.00364942 7.36154e-05
5.7 8.07865e-25 1.4472e-22 0.00278946 0.994369 0.00278946 5.18033e-05
5.76 6.17688e-25 1.42379e-22 0.00213674 0.99569 0.00213674 3.67066e-05
5.82 4.73438e-25 1.4008e-22 0.00164046 0.996693 0.00164046 2.6158e-05
5.88 3.64011e-25 1.37872e-22 0.00126315 0.997455 0.00126315 1.87349e-05
5.94 2.81154e-25 1.35797e-22 0.000976877 0.998033 0.000976877 1.34863e-05
6 2.18698e-25 1.33897e-22 0.000760696 0.998469 0.000760696 9.76808e-06
6.06 1.72026e-25 1.32207e-22 0.000598885 0.998795 0.000598885 7.13915e-06
6.12 1.37689e-25 1.30761e-22 0.000479679 0.999035 0.000479679 5.29626e-06
6.18 1.13148e-25 1.2959e-22 0.000394382 0.999207 0.000394382 4.03139e-06
6.24 9.65773e-26 1.28717e-22 0.000336737 0.999323 0.000336737 3.2042e-06
6.3 8.67391e-26 1.28161e-22 0.000302491 0.999392 0.000302491 2.72404e-06
6.36 8.28947e-26 1.27936e-22 0.000289105 0.999419 0.000289105 2.53873e-06
6.42 8.4755e-26 1.28046e-22 0.000295583 0.999406 0.000295583 2.62824e-06
6.48 9.24599e-26 1.28488e-22 0.000322406 0.999352 0.000322406 3.00222e-06
6.54 1.06588e-25 1.29253e-22 0.000371568 0.999253 0.000371568 3.70125e-06
6.6 1.28198e-25 1.30324e-22 0.000446702 0.999102 0.000446702 4.80167e-06
6.66 1.58899e-25 1.31678e-22 0.000553329 0.998887 0.000553329 6.42498e-06
6.72 2.00965e-25 1.33286e-22 0.000699243 0.998593 0.000699243 8.75326e-06
6.78 2.57504e-25 1.35118e-22 0.000895061 0.998198 0.000895061 1.20529e-05
6.84 3.32694e-25 1.37137e-22 0.00115502 0.997673 0.00115502 1.67112e-05
6.9 4.32117e-25 1.39304e-22 0.00149808 0.996981 0.00149808 2.32929e-05
6.96 5.63228e-25 1.41576e-22 0.00194951 0.996068 0.00194951 3.26277e-05
7.02 7.36043e-25 1.43909e-22 0.00254314 0.994868 0.00254314 4.59511e-05
7.08 9.64115e-25 1.46249e-22 0.00332463 0.993286 0.00332463 6.51326e-05
7.14 1.26602e-24 1.48541e-22 0.00435638 0.991194 0.00435638 9.30573e-05
7.2 1.66757e-24 1.50714e-22 0.00572496 0.988416 0.00572496 0.000134276
7.26 2.20534e-24 1.52688e-22 0.00755267 0.984699 0.00755267 0.000196137
7.32 2.93204e-24 1.5436e-22 0.0100157 0.979678 0.0100157 0.000290771
7.38 3.92523e-24 1.55597e-22 0.0133728 0.972816 0.0133728 0.000438611
7.44 5.30068e-24 1.5622e-22 0.0180102 0.963305 0.0180102 0.000674596
7.5 7.23258e-24 1.55983e-22 0.0245087 0.949924 0.0245087 0.00105888
7.56 9.98123e-24 1.54532e-22 0.0337358 0.930834 0.0337358 0.00169461
7.62 1.39239e-23 1.51377e-22 0.0469486 0.903348 0.0469486 0.00275505
7.68 1.95699e-23 1.45865e-22 0.0658429 0.863796 0.0658429 0.00451841
7.74 2.75106e-23 1.37236e-22 0.0923862 0.807832 0.0923862 0.00739596
7.8 3.8225e-23 1.24857e-22 0.128166 0.731756 0.128166 0.0119128
7.86 5.16946e-23 1.0869e-22 0.173105 0.635208 0.173105 0.0185815
7.92 6.70022e-23 8.9798e-23 0.22413 0.524075 0.22413 0.0276651
7.98 8.23715e-23 7.03215e-23 0.275306 0.410395 0.275306 0.038993
8.04 9.58898e-23 5.26108e-23 0.320257 0.307414 0.320257 0.0520715
8.1 1.06361e-22 3.81652e-23 0.355011 0.223536 0.355011 0.0664428
8.16 1.13556e-22 2.72958e-23 0.378818 0.160405 0.378818 0.0819597
8.22 1.17873e-22 1.95171e-23 0.393026 0.115151 0.393026 0.0987974
8.28 1.19908e-22 1.40799e-23 0.399628 0.0834284 0.399628 0.117316
8.34 1.20195e-22 1.02933e-23 0.400414 0.0612502 0.400414 0.137922
8.4 1.19132e-22 7.63183e-24 0.396716 0.0455885 0.396716 0.16098
8.46 1.16994e-22 5.7306e-24 0.389445 0.034344 0.389445 0.186767
8.52 1.13962e-22 4.34715e-24 0.379214 0.0261203 0.379214 0.215451
8.58 1.10168e-22 3.32253e-24 0.366461 0.020001 0.366461 0.247076
8.64 1.05716e-22 2.55214e-24 0.351532 0.0153811 0.351532 0.281556
8.7 1.00699e-22 1.96597e-24 0.334738 0.0118542 0.334738 0.31867
8.76 9.52116e-23 1.51614e-24 0.316394 0.00914077 0.316394 0.358071
8.82 8.93519e-23 1.16898e-24 0.296828 0.00704296 0.296828 0.399301
8.88 8.32244e-23 9.00202e-25 0.276387 0.00541715 0.276387 0.441809
8.94 7.69365e-23 6.91865e-25 0.255427 0.0041565 0.255427 0.484989
9 7.05958e-23 5.30435e-25 0.234306 0.00317992 0.234306 0.528208
9.06 6.43052e-23 4.05541e-25 0.213364 0.00242497 0.213364 0.570846
9.12 5.81589e-23 3.09144e-25 0.192914 0.00184302 0.192914 0.612328
9.18 5.2239e-23 2.3496e-25 0.173227 0.00139594 0.173227 0.652149
9.24 4.66127e-23 1.78061e-25 0.154526 0.00105374 0.154526 0.689895
9.3 4.13315e-23 1.34572e-25 0.136978 0.000792834 0.136978 0.725251
9.36 3.64306e-23 1.01451e-25 0.120701 0.00059468 0.120701 0.758004
9.42 3.19304e-23 7.63139e-26 0.10576 0.000444757 0.10576 0.788036
9.48 2.78377e-23 5.73011e-26 0.0921766 0.000331741 0.0921766 0.815315
9.54 2.41484e-23 4.2966e-26 0.0799365 0.000246838 0.0799365 0.83988
9.6 2.08492e-23 3.21896e-26 0.0689946 0.000183258 0.0689946 0.861827
9.66 1.79205e-23 2.41101e-26 0.0592846 0.000135787 0.0592846 0.881295
9.72 1.5338e-23 1.80674e-26 0.050725 0.000100436 0.050725 0.89845
9.78 1.30746e-23 1.35577e-26 0.0432256 7.41745e-05 0.0432256 0.913475
9.84 1.1102e-23 1.01985e-26 0.0366921 5.47063e-05 0.0366921 0.926561
9.9 9.39188e-24 7.70051e-27 0.0310295 4.03012e-05 0.0310295 0.937901
9.96 7.91647e-24 5.84551e-27 0.0261458 2.96599e-05 0.0261458 0.947679
10.02 6.64936e-24 4.46966e-27 0.021953 2.18102e-05 0.021953 0.956072
10.08 5.56587e-24 3.45022e-27 0.0183689 1.60267e-05 0.0183689 0.963246
10.14 4.64322e-24 2.69548e-27 0.015318 1.17701e-05 0.015318 0.969352
10.2 3.86067e-24 2.13708e-27 0.0127312 8.64004e-06 0.0127312 0.974529
10.26 3.19949e-24 1.72414e-27 0.0105464 6.34e-06 0.0105464 0.978901
10.32 2.64297e-24 1.41888e-27 0.00870812 4.65092e-06 0.00870812 0.982579
10.38 2.17626e-24 1.19327e-27 0.0071671 3.41112e-06 0.0071671 0.985662
10.44 1.78628e-24 1.02655e-27 0.00587995 2.50144e-06 0.00587995 0.988238
10.5 1.46158e-24 9.03338e-28 0.00480869 1.83419e-06 0.00480869 0.990381
10.56 1.19218e-24 8.12276e-28 0.00392024 1.34486e-06 0.00392024 0.992158
10.62 9.69438e-25 7.44958e-28 0.00318599 9.86069e-07 0.00318599 0.993627
10.68 7.85905e-25 6.95179e-28 0.00258126 7.23019e-07 0.00258126 0.994837
10.74 6.35194e-25 6.58354e-28 0.00208491 5.30171e-07 0.00208491 0.99583
10.8 5.11853e-25 6.31099e-28 0.00167889 3.88792e-07 0.00167889 0.996642
10.86 4.1125e-25 6.10916e-28 0.00134789 2.85143e-07 0.00134789 0.997304
10.92 3.29464e-25 5.95959e-28 0.00107894 2.09151e-07 0.00107894 0.997842
10.98 2.63195e-25 5.84867e-28 0.000861136 1.53432e-07 0.000861136 0.998278
11.04 2.09675e-25 5.76634e-28 0.000685332 1.12575e-07 0.000685332 0.998629
11.1 1.66594e-25 5.70518e-28 0.000543897 8.26133e-08 0.000543897 0.998912
11.16 1.3203e-25 5.6597e-28 0.000430492 6.06396e-08 0.000430492 0.999139
11.22 1.04392e-25 5.62585e-28 0.000339868 4.45239e-08 0.000339868 0.99932
11.28 8.23703e-26 5.60063e-28 0.000267704 3.27049e-08 0.000267704 0.999465
11.34 6.48888e-26 5.58182e-28 0.000210456 2.40387e-08 0.000210456 0.999579
11.4 5.10695e-26 5.56779e-28 0.00016523 1.76872e-08 0.00016523 0.99967
11.46 4.01993e-26 5.55733e-28 0.000129679 1.30367e-08 0.000129679 0.999741
11.52 3.1703e-26 5.54954e-28 0.00010191 9.63845e-09 0.00010191 0.999796
11.58 2.51197e-26 5.54375e-28 8.0408e-05 7.16457e-09 8.0408e-05 0.999839
11.64 2.00845e-26 5.53949e-28 6.3972e-05 5.37673e-09 6.3972e-05 0.999872
11.7 1.63126e-26 5.53639e-28 5.16663e-05 4.1028e-09 5.16663e-05 0.999897
11.76 1.35866e-26 5.53422e-28 4.27774e-05 3.22022e-09 4.27774e-05 0.999914
11.82 1.17472e-26 5.53278e-28 3.67819e-05 2.64417e-09 3.67819e-05 0.999926
11.88 1.06857e-26 5.53196e-28 3.33229e-05 2.31927e-09 3.33229e-05 0.999933
11.94 1.03388e-26 5.53169e-28 3.21926e-05 2.21433e-09 3.21926e-05 0.999936
