0 7.07095e-16 1.11248e-15 5.82528e-08 4.87468e-11 5.82528e-08 1
0.06 7.17505e-16 1.11249e-15 6.09916e-08 5.09363e-11 6.09916e-08 1
0.12 7.49669e-16 1.11251e-15 6.9462e-08 5.7705e-11 6.9462e-08 1
0.18 8.06473e-16 1.11255e-15 8.44483e-08 6.96721e-11 8.44483e-08 1
0.24 8.93001e-16 1.11262e-15 1.07336e-07 8.79329e-11 1.07336e-07 1
0.3 1.01699e-15 1.1127e-15 1.40234e-07 1.1416e-10 1.40234e-07 1
0.36 1.18947e-15 1.11283e-15 1.86164e-07 1.50757e-10 1.86164e-07 1
0.42 1.42576e-15 1.113e-15 2.49327e-07 2.01083e-10 2.49327e-07 1
0.48 1.74674e-15 1.11322e-15 3.35465e-07 2.6976e-10 3.35465e-07 0.999999
0.54 2.18061e-15 1.11352e-15 4.52368e-07 3.63104e-10 4.52368e-07 0.999999
0.6 2.76531e-15 1.11393e-15 6.10536e-07 4.89708e-10 6.10536e-07 0.999999
0.66 3.55159e-15 1.11446e-15 8.24067e-07 6.61244e-10 8.24067e-07 0.999998
0.72 4.60723e-15 1.11518e-15 1.11184e-06 8.93542e-10 1.11184e-06 0.999998
0.78 6.02248e-15 1.11613e-15 1.49908e-06 1.20807e-09 1.49908e-06 0.999997
0.84 7.91727e-15 1.1174e-15 2.0194e-06 1.63391e-09 2.0194e-06 0.999996
0.9 1.04506e-14 1.11909e-15 2.71746e-06 2.21053e-09 2.71746e-06 0.999995
0.96 1.38329e-14 1.12134e-15 3.65255e-06 2.99139e-09 3.65255e-06 0.999993
1.02 1.83417e-14 1.12434e-15 4.90311e-06 4.049e-09 4.90311e-06 0.99999
1.08 2.43428e-14 1.12834e-15 6.57266e-06 5.48167e-09 6.57266e-06 0.999987
1.14 3.23163e-14 1.13367e-15 8.79751e-06 7.42276e-09 8.79751e-06 0.999982
1.2 4.28914e-14 1.14078e-15 1.17566e-05 1.00532e-08 1.17566e-05 0.999976
1.26 5.68898e-14 1.15029e-15 1.56843e-05 1.36184e-08 1.56843e-05 0.999969
1.32 7.5382e-14 1.16299e-15 2.08864e-05 1.84514e-08 2.08864e-05 0.999958
1.38 9.97581e-14 1.17997e-15 2.77608e-05 2.50045e-08 2.77608e-05 0.999944
1.44 1.31818e-13 1.20268e-15 3.68235e-05 3.38916e-08 3.68235e-05 0.999926
1.5 1.73882e-13 1.23309e-15 4.87419e-05 4.59463e-08 4.87419e-05 0.999902
1.56 2.28938e-13 1.27383e-15 6.43751e-05 6.23012e-08 6.43751e-05 0.999871
1.62 3.0081e-13 1.32844e-15 8.48261e-05 8.44948e-08 8.48261e-05 0.99983
1.68 3.94381e-13 1.40168e-15 0.000111505 1.14618e-07 0.000111505 0.999777
1.74 5.15862e-13 1.49998e-15 0.000146209 1.55514e-07 0.000146209 0.999707
1.8 6.73121e-13 1.63198e-15 0.000191215 2.11047e-07 0.000191215 0.999617
1.86 8.76084e-13 1.80934e-15 0.000249405 2.86475e-07 0.000249405 0.999501
1.92 1.13722e-12 2.04779e-15 0.0003244 3.88948e-07 0.0003244 0.999351
1.98 1.47215e-12 2.36856e-15 0.00042074 5.28199e-07 0.00042074 0.999158
2.04 1.90029e-12 2.80027e-15 0.000544086 7.17475e-07 0.000544086 0.998911
2.1 2.44576e-12 3.38164e-15 0.000701467 9.74808e-07 0.000701467 0.998596
2.16 3.13832e-12 4.16492e-15 0.000901571 1.32476e-06 0.000901571 0.998196
2.22 4.01453e-12 5.22077e-15 0.00115509 1.80076e-06 0.00115509 0.997688
2.28 5.1191e-12 6.6447e-15 0.00147509 2.44839e-06 0.00147509 0.997047
2.34 6.50644e-12 8.56585e-15 0.00187752 3.32967e-06 0.00187752 0.996242
2.4 8.2424e-12 1.11589e-14 0.00238169 4.52913e-06 0.00238169 0.995232
2.46 1.04063e-11 1.466e-14 0.00301089 6.16188e-06 0.00301089 0.993972
2.52 1.30933e-11 1.93887e-14 0.00379303 8.38466e-06 0.00379303 0.992406
2.58 1.64164e-11 2.57767e-14 0.00476143 1.14108e-05 0.00476143 0.990466
2.64 2.05101e-11 3.44078e-14 0.00595558 1.55304e-05 0.00595558 0.988073
2.7 2.55322e-11 4.60703e-14 0.00742205 2.11381e-05 0.00742205 0.985135
2.76 3.16677e-11 6.18279e-14 0.00921538 2.87695e-05 0.00921538 0.98154
2.82 3.91315e-11 8.31148e-14 0.011399 3.91512e-05 0.011399 0.977163
2.88 4.81718e-11 1.11862e-13 0.0140463 5.32674e-05 0.0140463 0.971854
2.94 5.90721e-11 1.50664e-13 0.017241 7.24482e-05 0.017241 0.965446
3 7.21537e-11 2.03e-13 0.0210784 9.84878e-05 0.0210784 0.957745
3.06 8.77765e-11 2.73525e-13 0.0256651 0.000133799 0.0256651 0.948536
3.12 1.06338e-10 3.68448e-13 0.0311191 0.000181618 0.0311191 0.93758
3.18 1.28268e-10 4.96016e-13 0.0375683 0.000246267 0.0375683 0.924617
3.24 1.54025e-10 6.67147e-13 0.0451491 0.000333493 0.0451491 0.909368
3.3 1.84079e-10 8.96221e-13 0.0540019 0.000450903 0.0540019 0.891545
3.36 2.18896e-10 1.20207e-12 0.064266 0.000608508 0.064266 0.87086
3.42 2.58908e-10 1.60925e-12 0.0760715 0.000819403 0.0760715 0.847038
3.48 3.0448e-10 2.14949e-12 0.0895292 0.0011006 0.0895292 0.819841
3.54 3.55865e-10 2.86365e-12 0.104717 0.00147404 0.104717 0.789092
3.6 4.13154e-10 3.80388e-12 0.121665 0.00196786 0.121665 0.754701
3.66 4.76221e-10 5.03646e-12 0.140342 0.00261783 0.140342 0.716699
3.72 5.44672e-10 6.64516e-12 0.160634 0.00346926 0.160634 0.675263
3.78 6.17806e-10 8.73566e-12 0.182339 0.00457929 0.182339 0.630743
3.84 6.94594e-10 1.14414e-11 0.205157 0.00601992 0.205157 0.583667
3.9 7.73682e-10 1.49318e-11 0.228691 0.00788231 0.228691 0.534735
3.96 8.53437e-10 1.94246e-11 0.252462 0.0102828 0.252462 0.484794
4.02 9.32008e-10 2.52039e-11 0.275923 0.0133724 0.275923 0.434782
4.08 1.00742e-09 3.26499e-11 0.298489 0.017351 0.298489 0.385671
4.14 1.07765e-09 4.22849e-11 0.319563 0.0224904 0.319563 0.338384
4.2 1.14071e-09 5.48471e-11 0.33855 0.0291708 0.33855 0.293729
4.26 1.19463e-09 7.14071e-11 0.354864 0.0379379 0.354864 0.252333
4.32 1.23739e-09 9.3547e-11 0.367902 0.0495911 0.367902 0.214605
4.38 1.26675e-09 1.23622e-10 0.376988 0.0653114 0.376988 0.180713
4.44 1.27992e-09 1.65105e-10 0.381284 0.0868291 0.381284 0.150602
4.5 1.27325e-09 2.22938e-10 0.379692 0.116593 0.379692 0.124023
4.56 1.24203e-09 3.03635e-10 0.370794 0.157813 0.370794 0.100598
4.62 1.181e-09 4.14548e-10 0.352996 0.214084 0.352996 0.0799236
4.68 1.08612e-09 5.61432e-10 0.325064 0.288175 0.325064 0.0616974
4.74 9.58042e-10 7.44002e-10 0.287156 0.379844 0.287156 0.0458438
4.8 8.05572e-10 9.51565e-10 0.241868 0.483736 0.241868 0.0325277
4.86 6.45371e-10 1.16349e-09 0.194158 0.589707 0.194158 0.0219764
4.92 4.95932e-10 1.35689e-09 0.149557 0.686682 0.149557 0.0142028
4.98 3.70047e-10 1.51612e-09 0.111913 0.767296 0.111913 0.00887689
5.04 2.71837e-10 1.63641e-09 0.0824883 0.829582 0.0824883 0.00544104
5.1 1.9894e-10 1.72106e-09 0.0606013 0.875482 0.0606013 0.00331525
5.16 1.46245e-10 1.77679e-09 0.0447412 0.908487 0.0447412 0.00203029
5.22 1.08496e-10 1.81045e-09 0.0333473 0.932046 0.0333473 0.00125941
5.28 8.1394e-11 1.82773e-09 0.0251397 0.948926 0.0251397 0.000794861
5.34 6.17724e-11 1.83289e-09 0.0191753 0.961138 0.0191753 0.000511291
5.4 4.7414e-11 1.82906e-09 0.0147928 0.970079 0.0147928 0.000335072
5.46 3.67958e-11 1.81849e-09 0.0115379 0.976701 0.0115379 0.000223342
5.52 2.88734e-11 1.80287e-09 0.00909861 0.981652 0.00909861 0.000151065
5.58 2.2924e-11 1.78345e-09 0.00725878 0.985379 0.00725878 0.000103431
5.64 1.84405e-11 1.76121e-09 0.00586647 0.988196 0.00586647 7.15242e-05
5.7 1.50611e-11 1.73692e-09 0.00481303 0.990324 0.00481303 4.98564e-05
5.76 1.25238e-11 1.7112e-09 0.00401948 0.991926 0.00401948 3.49762e-05
5.82 1.06361e-11 1.68456e-09 0.00342756 0.99312 0.00342756 2.46644e-05
5.88 9.25432e-12 1.65739e-09 0.00299367 0.993995 0.00299367 1.74666e-05
5.94 8.27046e-12 1.63005e-09 0.00268477 0.994618 0.00268477 1.2413e-05
6 7.60192e-12 1.60282e-09 0.00247554 0.99504 0.00247554 8.84806e-06
6.06 7.18484e-12 1.57595e-09 0.00234623 0.995301 0.00234623 6.32339e-06
6.12 6.9689e-12 1.54966e-09 0.0022812 0.995433 0.0022812 4.52955e-06
6.18 6.9136e-12 1.52414e-09 0.00226776 0.995461 0.00226776 3.25138e-06
6.24 6.9854e-12 1.49958e-09 0.0022953 0.995407 0.0022953 2.33843e-06
6.3 7.15556e-12 1.47617e-09 0.00235467 0.995289 0.00235467 1.68502e-06
6.36 7.39858e-12 1.4541e-09 0.00243764 0.995124 0.00243764 1.21662e-06
6.42 7.6911e-12 1.43358e-09 0.00253664 0.994926 0.00253664 8.8054e-07
6.48 8.01118e-12 1.41481e-09 0.00264449 0.99471 0.00264449 6.39449e-07
6.54 8.33805e-12 1.398e-09 0.00275436 0.994491 0.00275436 4.6688e-07
6.6 8.65209e-12 1.38338e-09 0.00285977 0.99428 0.00285977 3.44094e-07
6.66 8.93518e-12 1.37114e-09 0.00295471 0.99409 0.00295471 2.57888e-07
6.72 9.17128e-12 1.36149e-09 0.00303384 0.993932 0.00303384 1.99071e-07
6.78 9.34701e-12 1.35458e-09 0.00309273 0.993815 0.00309273 1.6142e-07
6.84 9.45244e-12 1.35054e-09 0.00312804 0.993744 0.00312804 1.40971e-07
6.9 9.48155e-12 1.34943e-09 0.0031378 0.993724 0.0031378 1.35581e-07
6.96 9.43269e-12 1.35129e-09 0.00312143 0.993757 0.00312143 1.44685e-07
7.02 9.30864e-12 1.35607e-09 0.00307987 0.99384 0.00307987 1.69237e-07
7.08 9.11646e-12 1.36369e-09 0.00301547 0.993969 0.00301547 2.11812e-07
7.14 8.86702e-12 1.37402e-09 0.00293185 0.994136 0.00293185 2.76898e-07
7.2 8.57443e-12 1.38688e-09 0.00283371 0.994332 0.00283371 3.71393e-07
7.26 8.25534e-12 1.40208e-09 0.00272658 0.994547 0.00272658 5.05393e-07
7.32 7.92829e-12 1.4194e-09 0.00261659 0.994766 0.00261659 6.93342e-07
7.38 7.61319e-12 1.43864e-09 0.00251033 0.994979 0.00251033 9.55702e-07
7.44 7.33113e-12 1.45958e-09 0.00241471 0.99517 0.00241471 1.32136e-06
7.5 7.10435e-12 1.482e-09 0.002337 0.995324 0.002337 1.83106e-06
7.56 6.95668e-12 1.50572e-09 0.00228492 0.995428 0.00228492 2.54234e-06
7.62 6.91432e-12 1.53054e-09 0.00226688 0.995463 0.00226688 3.53662e-06
7.68 7.00706e-12 1.55628e-09 0.00229237 0.995411 0.00229237 4.92946e-06
7.74 7.26998e-12 1.58274e-09 0.00237244 0.995248 0.00237244 6.88558e-06
7.8 7.74578e-12 1.60973e-09 0.00252045 0.99495 0.00252045 9.64079e-06
7.86 8.48781e-12 1.63701e-09 0.00275297 0.994481 0.00275297 1.35349e-05
7.92 9.56416e-12 1.66433e-09 0.00309098 0.993799 0.00309098 1.90613e-05
7.98 1.10631e-11 1.6914e-09 0.00356157 0.99285 0.00356157 2.69433e-05
8.04 1.31008e-11 1.71785e-09 0.00420014 0.991562 0.00420014 3.82544e-05
8.1 1.58316e-11 1.74326e-09 0.00505356 0.989838 0.00505356 5.46112e-05
8.16 1.94636e-11 1.76709e-09 0.0061847 0.987552 0.0061847 7.8492e-05
8.22 2.42808e-11 1.78869e-09 0.00767908 0.984528 0.00767908 0.000113772
8.28 3.06768e-11 1.80725e-09 0.00965484 0.980524 0.00965484 0.000166646
8.34 3.92057e-11 1.82172e-09 0.0122779 0.975197 0.0122779 0.000247241
8.4 5.06602e-11 1.83075e-09 0.0157853 0.968057 0.0157853 0.000372453
8.46 6.61893e-11 1.83254e-09 0.02052 0.958389 0.02052 0.000570963
8.52 8.74699e-11 1.82463e-09 0.0269823 0.945143 0.0269823 0.000891959
8.58 1.16937e-10 1.80364e-09 0.035898 0.926784 0.035898 0.00141986
8.64 1.58033e-10 1.76496e-09 0.0482929 0.901116 0.0482929 0.00229768
8.7 2.15344e-10 1.70256e-09 0.0655308 0.865177 0.0655308 0.00375999
8.76 2.94244e-10 1.60942e-09 0.0892071 0.815415 0.0892071 0.00616881
8.82 3.99459e-10 1.4793e-09 0.120715 0.748539 0.120715 0.010028
8.88 5.32061e-10 1.31051e-09 0.160348 0.663372 0.160348 0.0159288
8.94 6.85778e-10 1.1105e-09 0.206202 0.563203 0.206202 0.0243907
9 8.4584e-10 8.97425e-10 0.253842 0.456658 0.253842 0.035659
9.06 9.93439e-10 6.94575e-10 0.297648 0.355061 0.297648 0.0496443
9.12 1.11355e-09 5.20529e-10 0.333157 0.26758 0.333157 0.0661087
9.18 1.19962e-09 3.83096e-10 0.35845 0.198162 0.35845 0.0849397
9.24 1.25259e-09 2.80539e-10 0.373839 0.146045 0.373839 0.106278
9.3 1.27707e-09 2.06345e-10 0.380729 0.108077 0.380729 0.130466
9.36 1.27829e-09 1.53229e-10 0.380702 0.0806858 0.380702 0.157911
9.42 1.2607e-09 1.15053e-10 0.375095 0.0608437 0.375095 0.188966
9.48 1.22769e-09 8.72739e-11 0.364933 0.0462968 0.364933 0.223836
9.54 1.18189e-09 6.67403e-11 0.351003 0.0354717 0.351003 0.262523
9.6 1.12546e-09 5.13228e-11 0.333953 0.0272991 0.333953 0.304795
9.66 1.06039e-09 3.95908e-11 0.314379 0.0210546 0.314379 0.350187
9.72 9.88656e-10 3.05723e-11 0.292869 0.0162413 0.292869 0.39802
9.78 9.12251e-10 2.3593e-11 0.270019 0.0125113 0.270019 0.447451
9.84 8.33195e-10 1.81725e-11 0.246425 0.0096136 0.246425 0.497537
9.9 7.53441e-10 1.39586e-11 0.222665 0.00736267 0.222665 0.547308
9.96 6.74793e-10 1.06861e-11 0.19927 0.00561745 0.19927 0.595843
10.02 5.98818e-10 8.15134e-12 0.176701 0.00426869 0.176701 0.642329
10.08 5.2679e-10 6.19481e-12 0.15533 0.00323062 0.15533 0.686108
10.14 4.59654e-10 4.69084e-12 0.135434 0.00243533 0.135434 0.726697
10.2 3.9803e-10 3.5398e-12 0.11719 0.00182896 0.11719 0.763792
10.26 3.4224e-10 2.66275e-12 0.100688 0.00136882 0.100688 0.797255
10.32 2.92348e-10 1.99729e-12 0.0859455 0.00102124 0.0859455 0.827088
10.38 2.48219e-10 1.49437e-12 0.0729168 0.000759797 0.0729168 0.853407
10.44 2.09566e-10 1.11567e-12 0.0615146 0.000563903 0.0615146 0.876407
10.5 1.76003e-10 8.31435e-13 0.0516222 0.000417633 0.0516222 0.896338
10.56 1.47086e-10 6.18698e-13 0.0431062 0.000308748 0.0431062 0.913479
10.62 1.22347e-10 4.59867e-13 0.0358264 0.000227909 0.0358264 0.928119
10.68 1.01316e-10 3.41527e-13 0.029643 0.000168027 0.029643 0.940546
10.74 8.35419e-11 2.5351e-13 0.0244215 0.000123755 0.0244215 0.951033
10.8 6.86024e-11 1.88137e-13 0.0200363 9.10757e-05 0.0200363 0.959836
10.86 5.61092e-11 1.39639e-13 0.0163723 6.69852e-05 0.0163723 0.967188
10.92 4.57126e-11 1.03692e-13 0.0133258 4.92451e-05 0.0133258 0.973299
10.98 3.7101e-11 7.7065e-14 0.0108046 3.61924e-05 0.0108046 0.978355
11.04 3.00003e-11 5.73514e-14 0.00872763 2.65947e-05 0.00872763 0.982518
11.1 2.41713e-11 4.2761e-14 0.00702425 1.95411e-05 0.00702425 0.985932
11.16 1.94074e-11 3.19648e-14 0.00563345 1.43592e-05 0.00563345 0.988719
11.22 1.55313e-11 2.39772e-14 0.00450293 1.05534e-05 0.00450293 0.990984
11.28 1.23917e-11 1.80684e-14 0.00358818 7.75909e-06 0.00358818 0.992816
11.34 9.86093e-12 1.36983e-14 0.00285156 5.70819e-06 0.00285156 0.994291
11.4 7.83157e-12 1.04679e-14 0.0022615 4.20378e-06 0.0022615 0.995473
11.46 6.21409e-12 8.08227e-15 0.00179169 3.10138e-06 0.00179169 0.996414
11.52 4.93448e-12 6.32409e-15 0.0014204 2.29517e-06 0.0014204 0.997157
11.58 3.93213e-12 5.03345e-15 0.00112985 1.70783e-06 0.00112985 0.997739
11.64 3.15806e-12 4.09324e-15 0.000905691 1.28305e-06 0.000905691 0.998187
11.7 2.57336e-12 3.41828e-15 0.000736515 9.8015e-07 0.000736515 0.998526
11.76 2.14791e-12 2.9476e-15 0.000613507 7.70169e-07 0.000613507 0.998772
11.82 1.85933e-12 2.63873e-15 0.000530122 6.33039e-07 0.000530122 0.998939
11.88 1.69219e-12 2.46386e-15 0.000481849 5.55668e-07 0.000481849 0.999036
11.94 1.63747e-12 2.40727e-15 0.000466048 5.30672e-07 0.000466048 0.999067
